[gd_scene load_steps=53 format=3 uid="uid://1gkpwy53fp1o"]

[ext_resource type="PackedScene" uid="uid://bmev31udwolly" path="res://Practice/elevator.tscn" id="1_4pf2i"]
[ext_resource type="PackedScene" uid="uid://b4migi0ol3kpg" path="res://Practice/player_3d.tscn" id="1_wb6nm"]
[ext_resource type="Texture2D" uid="uid://cisid38qlqjtu" path="res://Practice/assets/textures/MorningSkyHDRI007A_4K-TONEMAPPED.jpg" id="1_wbvbq"]
[ext_resource type="Script" path="res://addons/zylann.hterrain/hterrain.gd" id="2_anybl"]
[ext_resource type="Texture2D" uid="uid://uhtg6h11lfpo" path="res://Practice/assets/textures/Concrete034_1K-JPG/Concrete034_1K-JPG_Color.jpg" id="2_cs7gq"]
[ext_resource type="Script" path="res://addons/zylann.hterrain/hterrain_texture_set.gd" id="3_ehnbr"]
[ext_resource type="Resource" path="res://Practice/assets/terrains/scene_3d/data.hterrain" id="3_tq83y"]
[ext_resource type="Texture2D" uid="uid://b54jwb04u3cpt" path="res://Practice/assets/textures/Concrete034_1K-JPG/Concrete034_1K-JPG_Roughness.jpg" id="3_y506n"]
[ext_resource type="Texture2D" uid="uid://dexpcascf72kd" path="res://Practice/assets/textures/Asphalt031_1K-JPG/Asphalt031_1K-JPG_Roughness.jpg" id="4_qk1g8"]
[ext_resource type="Texture2D" uid="uid://dsmthnvhdivh1" path="res://Practice/assets/textures/Marble012_1K-JPG/Marble012_1K-JPG_Displacement.jpg" id="5_dk0de"]
[ext_resource type="Texture2D" uid="uid://q6v18mpox0xg" path="res://Practice/assets/textures/Metal046B_1K-JPG/Metal046B_1K-JPG_Color.jpg" id="6_swsm2"]
[ext_resource type="Texture2D" uid="uid://xq6dhjhbiel7" path="res://Practice/assets/textures/Grass001_1K-JPG/Grass001_1K-JPG_Color.jpg" id="6_yj76t"]
[ext_resource type="Texture2D" uid="uid://dp1hs43bhpjrh" path="res://Practice/assets/textures/Ground078_1K-JPG/Ground078_1K-JPG_Color.jpg" id="7_la58l"]
[ext_resource type="Texture2D" uid="uid://bo15y36jij1eh" path="res://Practice/assets/textures/Metal046B_1K-JPG/Metal046B_1K-JPG_Displacement.jpg" id="7_lax03"]
[ext_resource type="Texture2D" uid="uid://bo7fgyxpdqwe5" path="res://Practice/assets/textures/Rock051_1K-JPG/Rock051_1K-JPG_Color.jpg" id="8_6nvvh"]
[ext_resource type="Texture2D" uid="uid://8dwh7rnw0dnq" path="res://Practice/assets/textures/Grass001_1K-JPG/Grass001_1K-JPG_NormalGL.jpg" id="8_k6r6u"]
[ext_resource type="Texture2D" uid="uid://dtlmxw4her6lq" path="res://Practice/assets/textures/Metal046B_1K-JPG/Metal046B_1K-JPG_Roughness.jpg" id="8_lqgjv"]
[ext_resource type="Texture2D" uid="uid://bashmhnpysdt" path="res://Practice/assets/textures/Metal048B_1K-JPG/Metal048B_1K-JPG_Color.jpg" id="9_450fy"]
[ext_resource type="Texture2D" uid="uid://c10cd248dt5b7" path="res://Practice/assets/textures/Ground078_1K-JPG/Ground078_1K-JPG_NormalGL.jpg" id="9_nylso"]
[ext_resource type="Texture2D" uid="uid://d35yd7kc7engp" path="res://Practice/assets/textures/Rock051_1K-JPG/Rock051_1K-JPG_Roughness.jpg" id="10_63gyp"]
[ext_resource type="Texture2D" uid="uid://djqyl7aeqp4aj" path="res://Practice/assets/textures/Bark014_1K-JPG/Bark014_1K-JPG_Color.jpg" id="11_g4hc4"]
[ext_resource type="Texture2D" uid="uid://cuktirupu4rp8" path="res://Practice/assets/textures/Rock051_1K-JPG/Rock051_1K-JPG_NormalGL.jpg" id="12_ps8nk"]
[ext_resource type="Texture2D" uid="uid://b5d7pdjsvhhl3" path="res://Practice/assets/textures/Metal048B_1K-JPG/Metal048B_1K-JPG_NormalGL.jpg" id="13_4r4qb"]
[ext_resource type="PackedScene" uid="uid://dspqud0k3la54" path="res://Practice/playerhud_3d.tscn" id="24_0548t"]
[ext_resource type="PackedScene" uid="uid://d1lgx274v4w8s" path="res://Practice/enemy_3d.tscn" id="24_pvq1n"]
[ext_resource type="PackedScene" uid="uid://584y4wd671tb" path="res://Practice/goal.tscn" id="25_cjott"]

[sub_resource type="PanoramaSkyMaterial" id="PanoramaSkyMaterial_fbsoe"]
panorama = ExtResource("1_wbvbq")

[sub_resource type="Sky" id="Sky_4s058"]
sky_material = SubResource("PanoramaSkyMaterial_fbsoe")

[sub_resource type="Environment" id="Environment_oy2nk"]
background_mode = 2
sky = SubResource("Sky_4s058")
tonemap_mode = 2

[sub_resource type="StandardMaterial3D" id="StandardMaterial3D_yhlv5"]
albedo_texture = ExtResource("2_cs7gq")

[sub_resource type="StandardMaterial3D" id="StandardMaterial3D_jwp8m"]
albedo_texture = ExtResource("3_y506n")

[sub_resource type="StandardMaterial3D" id="StandardMaterial3D_q7ldq"]
albedo_texture = ExtResource("2_cs7gq")

[sub_resource type="StandardMaterial3D" id="StandardMaterial3D_lh0qa"]
albedo_color = Color(0.545098, 1, 1, 1)

[sub_resource type="StandardMaterial3D" id="StandardMaterial3D_go8od"]
albedo_texture = ExtResource("2_cs7gq")

[sub_resource type="StandardMaterial3D" id="StandardMaterial3D_rfuer"]
albedo_color = Color(1, 1, 0, 1)

[sub_resource type="StandardMaterial3D" id="StandardMaterial3D_qpvuc"]
albedo_texture = ExtResource("4_qk1g8")

[sub_resource type="StandardMaterial3D" id="StandardMaterial3D_4abq1"]
albedo_color = Color(0, 0, 1, 1)

[sub_resource type="StandardMaterial3D" id="StandardMaterial3D_4dd1q"]
albedo_texture = ExtResource("5_dk0de")

[sub_resource type="StandardMaterial3D" id="StandardMaterial3D_dogiu"]
albedo_color = Color(1, 0, 1, 1)

[sub_resource type="StandardMaterial3D" id="StandardMaterial3D_wunf3"]
albedo_texture = ExtResource("5_dk0de")

[sub_resource type="StandardMaterial3D" id="StandardMaterial3D_2poyr"]
albedo_texture = ExtResource("5_dk0de")

[sub_resource type="StandardMaterial3D" id="StandardMaterial3D_2du6m"]
albedo_texture = ExtResource("6_swsm2")

[sub_resource type="StandardMaterial3D" id="StandardMaterial3D_cv52p"]
albedo_color = Color(0, 0.513726, 0.168627, 1)

[sub_resource type="StandardMaterial3D" id="StandardMaterial3D_7qcip"]
albedo_texture = ExtResource("7_lax03")

[sub_resource type="StandardMaterial3D" id="StandardMaterial3D_40x60"]
albedo_texture = ExtResource("8_lqgjv")

[sub_resource type="StandardMaterial3D" id="StandardMaterial3D_mycli"]
albedo_texture = ExtResource("8_6nvvh")

[sub_resource type="StandardMaterial3D" id="StandardMaterial3D_qd3fx"]
albedo_color = Color(1, 0.0666667, 0.0705882, 1)

[sub_resource type="StandardMaterial3D" id="StandardMaterial3D_tiwl8"]
albedo_texture = ExtResource("10_63gyp")

[sub_resource type="StandardMaterial3D" id="StandardMaterial3D_cnfvv"]
albedo_texture = ExtResource("11_g4hc4")

[sub_resource type="StandardMaterial3D" id="StandardMaterial3D_5onpj"]
albedo_color = Color(1, 0.533333, 0.0470588, 1)

[sub_resource type="Resource" id="Resource_83cvt"]
script = ExtResource("3_ehnbr")
mode = 0
textures = [[ExtResource("6_yj76t"), ExtResource("7_la58l"), ExtResource("8_6nvvh"), ExtResource("9_450fy")], [ExtResource("8_k6r6u"), ExtResource("9_nylso"), ExtResource("12_ps8nk"), ExtResource("13_4r4qb")]]

[sub_resource type="NavigationMesh" id="NavigationMesh_2rh4e"]
agent_height = 2.0

[node name="scene_3d" type="Node3D"]

[node name="WorldEnvironment" type="WorldEnvironment" parent="."]
environment = SubResource("Environment_oy2nk")

[node name="DirectionalLight3D" type="DirectionalLight3D" parent="."]
transform = Transform3D(-0.866025, -0.433013, 0.25, 0, 0.5, 0.866025, -0.5, 0.75, -0.433013, 0, 5.96257, 0)
shadow_enabled = true

[node name="Blocks" type="CSGBox3D" parent="."]
transform = Transform3D(0.952177, 0, 0.305546, 0, 1, 0, -0.305546, 0, 0.952177, -0.939882, 6.42457, -8.94503)
material_override = SubResource("StandardMaterial3D_yhlv5")
use_collision = true
material = SubResource("StandardMaterial3D_jwp8m")

[node name="Blocks2" type="CSGBox3D" parent="."]
transform = Transform3D(0.428588, 0, -0.9035, 0, 1, 0, 0.9035, 0, 0.428588, 0.657979, 6.95737, -10.3812)
material_override = SubResource("StandardMaterial3D_q7ldq")
use_collision = true
material = SubResource("StandardMaterial3D_lh0qa")

[node name="Blocks3" type="CSGBox3D" parent="."]
transform = Transform3D(0.13089, 0, -0.991397, 0, 1, 0, 0.991397, 0, 0.13089, -0.6184, 7.47137, -12.2798)
material_override = SubResource("StandardMaterial3D_go8od")
use_collision = true
material = SubResource("StandardMaterial3D_rfuer")

[node name="Blue" type="CSGPolygon3D" parent="."]
transform = Transform3D(1, 0, 0, 0, 1, 0, 0, 0, 1, -0.985627, 7.72477, -14.6968)
material_override = SubResource("StandardMaterial3D_qpvuc")
use_collision = true
polygon = PackedVector2Array(0, 0, -2.02823, 1.08276, 3.18051, 1.08947, 1, 0)
depth = 4.0
material = SubResource("StandardMaterial3D_4abq1")

[node name="Pink" type="CSGPolygon3D" parent="."]
transform = Transform3D(-0.00703357, 0, -0.999975, -0.378252, 0.925699, 0.00266053, 0.925676, 0.378261, -0.00651097, -4.57124, 9.42177, -23.2002)
material_override = SubResource("StandardMaterial3D_4dd1q")
use_collision = true
polygon = PackedVector2Array(0, 0, -2.02823, 1.08276, 3.18051, 1.08947, 1, 0)
depth = 0.63
material = SubResource("StandardMaterial3D_dogiu")

[node name="Pink2" type="CSGPolygon3D" parent="."]
transform = Transform3D(-0.00703357, 0, -0.999975, -0.378252, 0.925699, 0.00266053, 0.925676, 0.378261, -0.00651097, -1.89492, 11.9507, -28.1276)
material_override = SubResource("StandardMaterial3D_wunf3")
use_collision = true
polygon = PackedVector2Array(0, 0, -2.02823, 1.08276, 3.18051, 1.08947, 1, 0)
depth = 0.63
material = SubResource("StandardMaterial3D_dogiu")

[node name="Pink3" type="CSGPolygon3D" parent="."]
transform = Transform3D(-0.00703357, 0, -0.999975, -0.378252, 0.925699, 0.00266053, 0.925676, 0.378261, -0.00651097, 1.17301, 14.2009, -32.7358)
material_override = SubResource("StandardMaterial3D_2poyr")
use_collision = true
polygon = PackedVector2Array(0, 0, -2.02823, 1.08276, 3.18051, 1.08947, 1, 0)
depth = 0.63
material = SubResource("StandardMaterial3D_dogiu")

[node name="Green" type="CSGPolygon3D" parent="."]
transform = Transform3D(1, 0, 0, 0, 0.0807556, -0.996734, 0, 0.996734, 0.0807556, -1.39227, -0.0231295, -33.6217)
material_override = SubResource("StandardMaterial3D_2du6m")
use_collision = true
depth = 16.76
material = SubResource("StandardMaterial3D_cv52p")

[node name="Green2" type="CSGPolygon3D" parent="."]
transform = Transform3D(1, 0, 0, 0, -0.115197, -0.993343, 0, 0.993343, -0.115197, -4.39302, -0.0231295, -33.6217)
material_override = SubResource("StandardMaterial3D_7qcip")
use_collision = true
depth = 16.76
material = SubResource("StandardMaterial3D_cv52p")

[node name="Green3" type="CSGPolygon3D" parent="."]
transform = Transform3D(1, 0, 0, 0, -0.0538174, -0.998551, 0, 0.998551, -0.0538174, -7.76165, -0.0231295, -34.8044)
material_override = SubResource("StandardMaterial3D_40x60")
use_collision = true
depth = 16.76
material = SubResource("StandardMaterial3D_cv52p")

[node name="Red" type="CSGPolygon3D" parent="."]
transform = Transform3D(0.54521, 0.0429381, 0.837199, 0.8383, -0.0279259, -0.544494, 0, 0.998687, -0.0512205, -9.80033, 16.7039, -33.9665)
material_override = SubResource("StandardMaterial3D_mycli")
use_collision = true
depth = 16.76
material = SubResource("StandardMaterial3D_qd3fx")

[node name="Red2" type="CSGPolygon3D" parent="."]
transform = Transform3D(-0.343332, 0.048107, 0.937981, 0.939214, 0.0175856, 0.342881, 0, 0.998687, -0.0512205, -8.22429, 32.3433, -34.9169)
material_override = SubResource("StandardMaterial3D_tiwl8")
use_collision = true
depth = 16.76
material = SubResource("StandardMaterial3D_qd3fx")

[node name="Blue2" type="CSGPolygon3D" parent="."]
transform = Transform3D(1, 0, 0, 0, 1, 0, 0, 0, 1, -2.4432, 31.1062, -30.8744)
material_override = SubResource("StandardMaterial3D_cnfvv")
use_collision = true
polygon = PackedVector2Array(0, 0, -2.02823, 1.08276, 5.01788, 1.08677, 2.85812, 0.0342064)
depth = 8.12
material = SubResource("StandardMaterial3D_5onpj")

[node name="Elevator" parent="." instance=ExtResource("1_4pf2i")]
transform = Transform3D(1, 0, 0, 0, 1, 0, 0, 0, 1, -2.09753, 32.3263, -36.2473)

[node name="HTerrain" type="Node3D" parent="."]
script = ExtResource("2_anybl")
centered = true
_terrain_data = ExtResource("3_tq83y")
chunk_size = 32
collision_enabled = true
collision_layer = 1
collision_mask = 1
shader_type = "Classic4Lite"
custom_shader = null
custom_globalmap_shader = null
texture_set = SubResource("Resource_83cvt")
render_layers = 1
cast_shadow = 1
shader_params/u_ground_uv_scale = 20
shader_params/u_depth_blending = true
shader_params/u_triplanar = null
shader_params/u_tile_reduction = null

[node name="Player3d" parent="." instance=ExtResource("1_wb6nm")]
transform = Transform3D(1, 0, 0, 0, 1, 0, 0, 0, 1, 0, 6.7766, 0)

[node name="playerhud_3d" parent="." instance=ExtResource("24_0548t")]

[node name="Goal" parent="." instance=ExtResource("25_cjott")]
transform = Transform3D(1, 0, 0, 0, 1, 0, 0, 0, 1, -0.858431, 58.9171, -34.7014)

[node name="enemy3d" parent="." instance=ExtResource("24_pvq1n")]
transform = Transform3D(1, 0, 0, 0, 1, 0, 0, 0, 1, 8.2549, 7.22844, -13.6612)

[node name="enemy3d2" parent="." instance=ExtResource("24_pvq1n")]
transform = Transform3D(1, 0, 0, 0, 1, 0, 0, 0, 1, 17.6235, 1.3683, 31.4242)

[node name="Camera3D" type="Camera3D" parent="."]
transform = Transform3D(0.646882, -0.60723, 0.461319, -0.00162166, 0.603841, 0.797103, -0.762588, -0.51638, 0.389629, 4.10379, 11.5777, 3.81948)
fov = 120.187

[node name="NavigationRegion3D" type="NavigationRegion3D" parent="."]
navigation_mesh = SubResource("NavigationMesh_2rh4e")

[node name="enemy3d3" parent="." instance=ExtResource("24_pvq1n")]
transform = Transform3D(1, 0, 0, 0, 1, 0, 0, 0, 1, -56.5557, -9.07872, -1.68702)

[node name="enemy3d4" parent="." instance=ExtResource("24_pvq1n")]
transform = Transform3D(1, 0, 0, 0, 1, 0, 0, 0, 1, -67.1747, -4.89879, -44.1159)

[node name="enemy3d5" parent="." instance=ExtResource("24_pvq1n")]
transform = Transform3D(1, 0, 0, 0, 1, 0, 0, 0, 1, -95.3328, 3.40251, 48.8658)

[node name="enemy3d6" parent="." instance=ExtResource("24_pvq1n")]
transform = Transform3D(1, 0, 0, 0, 1, 0, 0, 0, 1, 21.1232, -7.91327, -66.223)

[node name="enemy3d7" parent="." instance=ExtResource("24_pvq1n")]
transform = Transform3D(1, 0, 0, 0, 1, 0, 0, 0, 1, 58.5979, -4.07248, -37.4644)

[node name="enemy3d8" parent="." instance=ExtResource("24_pvq1n")]
transform = Transform3D(1, 0, 0, 0, 1, 0, 0, 0, 1, 63.7298, 1.32574, 36.2227)
