[gd_scene load_steps=23 format=3 uid="uid://1gkpwy53fp1o"]

[ext_resource type="PackedScene" uid="uid://bmev31udwolly" path="res://Practice/elevator.tscn" id="1_4pf2i"]
[ext_resource type="PackedScene" uid="uid://b4migi0ol3kpg" path="res://Practice/player_3d.tscn" id="1_wb6nm"]
[ext_resource type="Texture2D" uid="uid://cisid38qlqjtu" path="res://assets/textures/MorningSkyHDRI007A_4K-TONEMAPPED.jpg" id="1_wbvbq"]
[ext_resource type="Script" path="res://addons/zylann.hterrain/hterrain.gd" id="2_anybl"]
[ext_resource type="Script" path="res://addons/zylann.hterrain/hterrain_texture_set.gd" id="3_ehnbr"]
[ext_resource type="Resource" path="res://assets/terrains/scene_3d/data.hterrain" id="3_tq83y"]
[ext_resource type="Texture2D" uid="uid://xq6dhjhbiel7" path="res://assets/textures/Grass001_1K-JPG/Grass001_1K-JPG_Color.jpg" id="6_yj76t"]
[ext_resource type="Texture2D" uid="uid://dp1hs43bhpjrh" path="res://assets/textures/Ground078_1K-JPG/Ground078_1K-JPG_Color.jpg" id="7_la58l"]
[ext_resource type="Texture2D" uid="uid://8dwh7rnw0dnq" path="res://assets/textures/Grass001_1K-JPG/Grass001_1K-JPG_NormalGL.jpg" id="8_k6r6u"]
[ext_resource type="Texture2D" uid="uid://c10cd248dt5b7" path="res://assets/textures/Ground078_1K-JPG/Ground078_1K-JPG_NormalGL.jpg" id="9_nylso"]

[sub_resource type="PanoramaSkyMaterial" id="PanoramaSkyMaterial_fbsoe"]
panorama = ExtResource("1_wbvbq")

[sub_resource type="Sky" id="Sky_4s058"]
sky_material = SubResource("PanoramaSkyMaterial_fbsoe")

[sub_resource type="Environment" id="Environment_oy2nk"]
background_mode = 2
sky = SubResource("Sky_4s058")
tonemap_mode = 2

[sub_resource type="StandardMaterial3D" id="StandardMaterial3D_2dk2x"]
albedo_color = Color(0.758192, 0.758192, 0.758192, 1)

[sub_resource type="StandardMaterial3D" id="StandardMaterial3D_lh0qa"]
albedo_color = Color(0.545098, 1, 1, 1)

[sub_resource type="StandardMaterial3D" id="StandardMaterial3D_rfuer"]
albedo_color = Color(1, 1, 0, 1)

[sub_resource type="StandardMaterial3D" id="StandardMaterial3D_4abq1"]
albedo_color = Color(0, 0, 1, 1)

[sub_resource type="StandardMaterial3D" id="StandardMaterial3D_dogiu"]
albedo_color = Color(1, 0, 1, 1)

[sub_resource type="StandardMaterial3D" id="StandardMaterial3D_cv52p"]
albedo_color = Color(0, 0.513726, 0.168627, 1)

[sub_resource type="StandardMaterial3D" id="StandardMaterial3D_qd3fx"]
albedo_color = Color(1, 0.0666667, 0.0705882, 1)

[sub_resource type="StandardMaterial3D" id="StandardMaterial3D_5onpj"]
albedo_color = Color(1, 0.533333, 0.0470588, 1)

[sub_resource type="Resource" id="Resource_83cvt"]
script = ExtResource("3_ehnbr")
mode = 0
textures = [[ExtResource("6_yj76t"), ExtResource("7_la58l")], [ExtResource("8_k6r6u"), ExtResource("9_nylso")]]

[node name="scene_3d" type="Node3D"]

[node name="WorldEnvironment" type="WorldEnvironment" parent="."]
environment = SubResource("Environment_oy2nk")

[node name="DirectionalLight3D" type="DirectionalLight3D" parent="."]
transform = Transform3D(-0.866025, -0.433013, 0.25, 0, 0.5, 0.866025, -0.5, 0.75, -0.433013, 0, 0, 0)
shadow_enabled = true

[node name="Blocks" type="CSGBox3D" parent="."]
transform = Transform3D(0.952177, 0, 0.305546, 0, 1, 0, -0.305546, 0, 0.952177, -0.939882, 0.46205, -8.94503)
use_collision = true
material = SubResource("StandardMaterial3D_2dk2x")

[node name="Blocks2" type="CSGBox3D" parent="."]
transform = Transform3D(0.428588, 0, -0.9035, 0, 1, 0, 0.9035, 0, 0.428588, 0.657979, 0.994839, -10.3812)
use_collision = true
material = SubResource("StandardMaterial3D_lh0qa")

[node name="Blocks3" type="CSGBox3D" parent="."]
transform = Transform3D(0.13089, 0, -0.991397, 0, 1, 0, 0.991397, 0, 0.13089, -0.6184, 1.50886, -12.2798)
use_collision = true
material = SubResource("StandardMaterial3D_rfuer")

[node name="Blue" type="CSGPolygon3D" parent="."]
transform = Transform3D(1, 0, 0, 0, 1, 0, 0, 0, 1, -0.985627, 1.76225, -14.6968)
use_collision = true
polygon = PackedVector2Array(0, 0, -2.02823, 1.08276, 3.18051, 1.08947, 1, 0)
depth = 4.0
material = SubResource("StandardMaterial3D_4abq1")

[node name="Pink" type="CSGPolygon3D" parent="."]
transform = Transform3D(-0.00703357, 0, -0.999975, -0.378252, 0.925699, 0.00266053, 0.925676, 0.378261, -0.00651097, -4.57124, 3.45925, -23.2002)
use_collision = true
polygon = PackedVector2Array(0, 0, -2.02823, 1.08276, 3.18051, 1.08947, 1, 0)
depth = 0.63
material = SubResource("StandardMaterial3D_dogiu")

[node name="Pink2" type="CSGPolygon3D" parent="."]
transform = Transform3D(-0.00703357, 0, -0.999975, -0.378252, 0.925699, 0.00266053, 0.925676, 0.378261, -0.00651097, -1.89492, 5.98814, -28.1276)
use_collision = true
polygon = PackedVector2Array(0, 0, -2.02823, 1.08276, 3.18051, 1.08947, 1, 0)
depth = 0.63
material = SubResource("StandardMaterial3D_dogiu")

[node name="Pink3" type="CSGPolygon3D" parent="."]
transform = Transform3D(-0.00703357, 0, -0.999975, -0.378252, 0.925699, 0.00266053, 0.925676, 0.378261, -0.00651097, 1.17301, 8.23833, -32.7358)
use_collision = true
polygon = PackedVector2Array(0, 0, -2.02823, 1.08276, 3.18051, 1.08947, 1, 0)
depth = 0.63
material = SubResource("StandardMaterial3D_dogiu")

[node name="Green" type="CSGPolygon3D" parent="."]
transform = Transform3D(1, 0, 0, 0, 0.0807556, -0.996734, 0, 0.996734, 0.0807556, -1.39227, -5.98566, -33.6217)
use_collision = true
depth = 16.76
material = SubResource("StandardMaterial3D_cv52p")

[node name="Green2" type="CSGPolygon3D" parent="."]
transform = Transform3D(1, 0, 0, 0, -0.115197, -0.993343, 0, 0.993343, -0.115197, -4.39302, -5.98566, -33.6217)
use_collision = true
depth = 16.76
material = SubResource("StandardMaterial3D_cv52p")

[node name="Green3" type="CSGPolygon3D" parent="."]
transform = Transform3D(1, 0, 0, 0, -0.0538174, -0.998551, 0, 0.998551, -0.0538174, -7.76165, -5.98566, -34.8044)
use_collision = true
depth = 16.76
material = SubResource("StandardMaterial3D_cv52p")

[node name="Red" type="CSGPolygon3D" parent="."]
transform = Transform3D(0.54521, 0.0429381, 0.837199, 0.8383, -0.0279259, -0.544494, 0, 0.998687, -0.0512205, -9.80033, 10.7413, -33.9665)
use_collision = true
depth = 16.76
material = SubResource("StandardMaterial3D_qd3fx")

[node name="Red2" type="CSGPolygon3D" parent="."]
transform = Transform3D(-0.343332, 0.048107, 0.937981, 0.939214, 0.0175856, 0.342881, 0, 0.998687, -0.0512205, -8.22429, 26.3807, -34.9169)
use_collision = true
depth = 16.76
material = SubResource("StandardMaterial3D_qd3fx")

[node name="Blue2" type="CSGPolygon3D" parent="."]
transform = Transform3D(1, 0, 0, 0, 1, 0, 0, 0, 1, -2.4432, 25.1436, -30.8744)
use_collision = true
polygon = PackedVector2Array(0, 0, -2.02823, 1.08276, 5.01788, 1.08677, 2.85812, 0.0342064)
depth = 8.12
material = SubResource("StandardMaterial3D_5onpj")

[node name="Elevator" parent="." instance=ExtResource("1_4pf2i")]
transform = Transform3D(1, 0, 0, 0, 1, 0, 0, 0, 1, -2.09753, 26.5806, -36.2473)

[node name="HTerrain" type="Node3D" parent="."]
script = ExtResource("2_anybl")
centered = true
_terrain_data = ExtResource("3_tq83y")
chunk_size = 32
collision_enabled = true
collision_layer = 1
collision_mask = 1
shader_type = "Classic4Lite"
custom_shader = null
custom_globalmap_shader = null
texture_set = SubResource("Resource_83cvt")
render_layers = 1
cast_shadow = 1
shader_params/u_ground_uv_scale = 20
shader_params/u_depth_blending = true
shader_params/u_triplanar = null
shader_params/u_tile_reduction = null

[node name="Player3d" parent="." instance=ExtResource("1_wb6nm")]
transform = Transform3D(1, 0, 0, 0, 1, 0, 0, 0, 1, 0, 1.03098, 0)

[node name="Camera3D" type="Camera3D" parent="."]
transform = Transform3D(0.646882, -0.60723, 0.461319, -0.00162166, 0.603841, 0.797103, -0.762588, -0.51638, 0.389629, 4.10379, 5.83205, 3.81948)
fov = 120.187
